
Результат в узлах (веса):
 ___________________________________________________________________ 
| № элемента     | x              | y              | u*             |
|----------------|----------------|----------------|----------------|
| 1              | -1.500000      | 0.000000       | 0.000000e+00   | 
| 2              | -0.769635      | 0.000000       | -6.774600e-07  | 
| 3              | -0.040000      | 0.000000       | 3.663103e-05   | 
| 4              | -0.025000      | 0.000000       | 4.505333e-02   | 
| 5              | -0.023251      | 0.000000       | 4.497181e-02   | 
| 6              | -0.021500      | 0.000000       | 4.471923e-02   | 
| 7              | -0.013500      | 0.000000       | 4.133341e-02   | 
| 8              | -0.010000      | 0.000000       | 3.717807e-02   | 
| 9              | 0.010000       | 0.000000       | -3.839396e-02  | 
| 10             | 0.013500       | 0.000000       | -4.247993e-02  | 
| 11             | 0.021500       | 0.000000       | -4.583350e-02  | 
| 12             | 0.023251       | 0.000000       | -4.611691e-02  | 
| 13             | 0.025000       | 0.000000       | -4.621752e-02  | 
| 14             | 0.040000       | 0.000000       | -2.324741e-05  | 
| 15             | 1.500000       | 0.000000       | 0.000000e+00   | 
| 16             | -1.500000      | 0.002000       | 0.000000e+00   | 
| 17             | -0.769635      | 0.002000       | -6.704410e-07  | 
| 18             | -0.040000      | 0.002000       | 3.660208e-05   | 
| 19             | -0.025000      | 0.002000       | 4.516598e-02   | 
| 20             | -0.023251      | 0.002000       | 4.508467e-02   | 
| 21             | -0.021500      | 0.002000       | 4.482902e-02   | 
| 22             | -0.013500      | 0.002000       | 4.145774e-02   | 
| 23             | -0.010000      | 0.002000       | 3.837985e-02   | 
| 24             | 0.010000       | 0.002000       | -3.959946e-02  | 
| 25             | 0.013500       | 0.002000       | -4.260285e-02  | 
| 26             | 0.021500       | 0.002000       | -4.592250e-02  | 
| 27             | 0.023251       | 0.002000       | -4.625451e-02  | 
| 28             | 0.025000       | 0.002000       | -4.635599e-02  | 
| 29             | 0.040000       | 0.002000       | -2.323410e-05  | 
| 30             | 1.500000       | 0.002000       | 0.000000e+00   | 
| 31             | -1.500000      | 0.018500       | 0.000000e+00   | 
| 32             | -0.769635      | 0.018500       | -6.519653e-08  | 
| 33             | -0.040000      | 0.018500       | 3.410946e-05   | 
| 34             | -0.025000      | 0.018500       | 5.102611e-02   | 
| 35             | -0.023251      | 0.018500       | 5.106817e-02   | 
| 36             | -0.021500      | 0.018500       | 5.117753e-02   | 
| 37             | -0.013500      | 0.018500       | 5.141075e-02   | 
| 38             | -0.010000      | 0.018500       | 5.206242e-02   | 
| 39             | 0.010000       | 0.018500       | -5.291806e-02  | 
| 40             | 0.013500       | 0.018500       | -5.250311e-02  | 
| 41             | 0.021500       | 0.018500       | -5.250310e-02  | 
| 42             | 0.023251       | 0.018500       | -5.219786e-02  | 
| 43             | 0.025000       | 0.018500       | -5.209755e-02  | 
| 44             | 0.040000       | 0.018500       | -2.210126e-05  | 
| 45             | 1.500000       | 0.018500       | 0.000000e+00   | 
| 46             | -1.500000      | 0.026500       | 0.000000e+00   | 
| 47             | -0.769635      | 0.026500       | 5.924358e-07   | 
| 48             | -0.040000      | 0.026500       | 3.140521e-05   | 
| 49             | -0.025000      | 0.026500       | 5.310635e-02   | 
| 50             | -0.023251      | 0.026500       | 5.318097e-02   | 
| 51             | -0.021500      | 0.026500       | 5.343002e-02   | 
| 52             | -0.013500      | 0.026500       | 5.355097e-02   | 
| 53             | -0.010000      | 0.026500       | 5.307963e-02   | 
| 54             | 0.010000       | 0.026500       | -5.239792e-02  | 
| 55             | 0.013500       | 0.026500       | -5.250316e-02  | 
| 56             | 0.021500       | 0.026500       | -5.250315e-02  | 
| 57             | 0.023251       | 0.026500       | -5.253217e-02  | 
| 58             | 0.025000       | 0.026500       | -5.253479e-02  | 
| 59             | 0.040000       | 0.026500       | -2.088471e-05  | 
| 60             | 1.500000       | 0.026500       | 0.000000e+00   | 
| 61             | -1.500000      | 0.030000       | 0.000000e+00   | 
| 62             | -0.769635      | 0.030000       | 9.576321e-07   | 
| 63             | -0.040000      | 0.030000       | 2.990500e-05   | 
| 64             | -0.025000      | 0.030000       | 5.321325e-02   | 
| 65             | -0.023251      | 0.030000       | 5.329441e-02   | 
| 66             | -0.021500      | 0.030000       | 5.335392e-02   | 
| 67             | -0.013500      | 0.030000       | 5.341149e-02   | 
| 68             | -0.010000      | 0.030000       | 5.329132e-02   | 
| 69             | 0.010000       | 0.030000       | -5.236046e-02  | 
| 70             | 0.013500       | 0.030000       | -5.245929e-02  | 
| 71             | 0.021500       | 0.030000       | -5.250283e-02  | 
| 72             | 0.023251       | 0.030000       | -5.247871e-02  | 
| 73             | 0.025000       | 0.030000       | -5.243313e-02  | 
| 74             | 0.040000       | 0.030000       | -2.021010e-05  | 
| 75             | 1.500000       | 0.030000       | 0.000000e+00   | 
| 76             | -1.500000      | 0.060000       | 0.000000e+00   | 
| 77             | -0.769635      | 0.060000       | 5.345658e-06   | 
| 78             | -0.040000      | 0.060000       | 1.189879e-05   | 
| 79             | -0.025000      | 0.060000       | 7.422620e-06   | 
| 80             | -0.023251      | 0.060000       | 6.926627e-06   | 
| 81             | -0.021500      | 0.060000       | 6.419057e-06   | 
| 82             | -0.013500      | 0.060000       | 3.957926e-06   | 
| 83             | -0.010000      | 0.060000       | 2.808222e-06   | 
| 84             | 0.010000       | 0.060000       | -3.048373e-06  | 
| 85             | 0.013500       | 0.060000       | -4.200977e-06  | 
| 86             | 0.021500       | 0.060000       | -6.670148e-06  | 
| 87             | 0.023251       | 0.060000       | -7.179863e-06  | 
| 88             | 0.025000       | 0.060000       | -7.678171e-06  | 
| 89             | 0.040000       | 0.060000       | -1.217421e-05  | 
| 90             | 1.500000       | 0.060000       | 0.000000e+00   | 
| 91             | -1.500000      | 1.500000       | 0.000000e+00   | 
| 92             | -0.769635      | 1.500000       | 0.000000e+00   | 
| 93             | -0.040000      | 1.500000       | 0.000000e+00   | 
| 94             | -0.025000      | 1.500000       | 0.000000e+00   | 
| 95             | -0.023251      | 1.500000       | 0.000000e+00   | 
| 96             | -0.021500      | 1.500000       | 0.000000e+00   | 
| 97             | -0.013500      | 1.500000       | 0.000000e+00   | 
| 98             | -0.010000      | 1.500000       | 0.000000e+00   | 
| 99             | 0.010000       | 1.500000       | 0.000000e+00   | 
| 100            | 0.013500       | 1.500000       | 0.000000e+00   | 
| 101            | 0.021500       | 1.500000       | 0.000000e+00   | 
| 102            | 0.023251       | 1.500000       | 0.000000e+00   | 
| 103            | 0.025000       | 1.500000       | 0.000000e+00   | 
| 104            | 0.040000       | 1.500000       | 0.000000e+00   | 
| 105            | 1.500000       | 1.500000       | 0.000000e+00   | 
