18																					
																					
-1.5	-0.04	0	1.5	1	0	2															
-0.04	-0.025	0	0.03	1000	0	1															
-0.025	-0.01	0.002	0.0185	1	0	2															
-0.025	-0.0215	0.0185	0.0265	1	0	2															
-0.0215	-0.0135	0.0185	0.0265	1	10000000000	3															
-0.0135	-0.01	0.0185	0.0265	1	0	2															
-0.025	-0.01	0.0265	0.03	1	0	2															
-0.025	0.025	0	0.002	1	0	2															
-0.01	0.01	0.002	0.03	1000	0	1															
-0.04	0.04	0.03	0.06	1000	0	1															
-0.04	0.04	0.06	1.5	1	0	2															
0.01	0.025	0.0265	0.03	1	0	2															
0.01	0.0135	0.0185	0.0265	1	0	2															
0.0135	0.0215	0.0185	0.0265	1	-10000000000	4															
0.0215	0.025	0.0185	0.0265	1	0	2															
0.01	0.025	0.002	0.0185	1	0	2															
0.025	0.04	0	0.03	1000	0	1															
0.04	1.5	0	1.5	1	0	2															
																					
																					
																					
-1.5	11																				
-0.04	-0.025	-0.0215	-0.0135	-0.01	0.01	0.0135	0.0215	0.025	0.04	1.5											
1.46	0.015	0.0035	0.008	0.0035	0.02	0.0035	0.008	0.0035	0.015	1.46											
1.6	1.001	1.5	1.001	1.5	1.001	1.5	1.001	1.5	1.001	1.6											
-1	-1	1	-1	-1	1	1	1	-1	1	1											
																					
																					
																					
0	6																				
0.002	0.0185	0.0265	0.03	0.06	1.5																
0.002	0.0165	0.008	0.0035	0.03	1.44																
1.001	1.2	1.001	1.001	1.1	2																
1	1	1	1	1	1																
																					
																					
0	0																				
